       0
       0
       0
       0
      73
     113
     155
     275
     423
     721
    1326
    2515
    5597
   12674
   24756
   38737
   53622
   98713
  227491
  180595
  117050
   92075
   75643
   62255
   52379
   45141
   39533
   34843
   30644
   28211
   26132
   24137
   21905
   20971
   19605
   18201
   16997
   16188
   15015
   14376
   13432
   13151
   12212
   11783
   11158
   10714
   10337
    9968
    9678
    9661
    9291
    8902
    8691
    8586
    8250
    8196
    8229
    7961
    8035
    7794
    7709
    7776
    7589
    7595
    7405
    7428
    7356
    7334
    7299
    7313
    7305
    7350
    7244
    7378
    7208
    7131
    7240
    7093
    6804
    7259
    7176
    7085
    7109
    7114
    7103
    6905
    6908
    7095
    6946
    6965
    7153
    6984
    6814
    6838
    6908
    7004
    6815
    6935
    7003
    7050
    7028
    6948
    6883
    6917
    6857
    6926
    6906
    6998
    6909
    6930
    6943
    6848
    7087
    6927
    6909
    6916
    7002
    6842
    6979
    6927
    6900
    6888
    7043
    6972
    6946
    6910
    6878
    7091
    6919
    7107
    7113
    6951
    7198
    6944
    7045
    7020
    6938
    7052
    6956
    6941
    6984
    6963
    7117
    7031
    6884
    7170
    7144
    7119
    6964
    7063
    7040
    7109
    7102
    7105
    7123
    7146
    7081
    7054
    7154
    7118
    7272
    7313
    7238
    7342
    7138
    7267
    7210
    7223
    7407
    7315
    7274
    7357
    7477
    7243
    7343
    7395
    7246
    7439
    7387
    7343
    7335
    7489
    7244
    7397
    7422
    7355
    7325
    7568
    7597
    7539
    7621
    7608
    7461
    7517
    7367
    7446
    7603
    7838
    7589
    7629
    7695
    7767
    7739
    7618
    7628
    7597
    7871
    7590
    7738
    7630
    7661
    7723
    7721
    7816
    7692
    7847
    7709
    7786
    7696
    7800
    7792
    7957
    7880
    7628
    7709
    7924
    7828
    7896
    7910
    7902
    7892
    7822
    7855
    7867
    7849
    8013
    7839
    8031
    7963
    7770
    7918
    7933
    7780
    8043
    8094
    7925
    7948
    8026
    8027
    8013
    7964
    7972
    7917
    8055
    8102
    7867
    7860
    7958
    8084
    8120
    8057
    8078
    8148
    8048
    7919
    7940
    8218
    7973
    8149
    7906
    8011
    7893
    8234
    8086
    8011
    8086
    7963
    8015
    7985
    7925
    8186
    8017
    8005
    8059
    8041
    8018
    8135
    7977
    7973
    7778
    7858
    7934
    8007
    8013
    8092
    8086
    7916
    7935
    7994
    8035
    7916
    8018
    7936
    7936
    8057
    8144
    7923
    7772
    7804
    7791
    7745
    7877
    7942
    7730
    7874
    7721
    7745
    7751
    7551
    7596
    7634
    7703
    7597
    7528
    7666
    7597
    7560
    7385
    7352
    7445
    7571
    7282
    7433
    7379
    7351
    7386
    7391
    7250
    7203
    7407
    7420
    7360
    7362
    7297
    7129
    6999
    7131
    7115
    7243
    7110
    7026
    7127
    7047
    6971
    6901
    6910
    6856
    6853
    6846
    6784
    6778
    6818
    6690
    6490
    6705
    6551
    6638
    6524
    6592
    6602
    6413
    6403
    6549
    6408
    6368
    6366
    6394
    6208
    6329
    6454
    6204
    6304
    6225
    6247
    6119
    6143
    6129
    6071
    6325
    6037
    6114
    5958
    6024
    5897
    5959
    5965
    5744
    5875
    6007
    5879
    5797
    5913
    5835
    5831
    5805
    5738
    5787
    5627
    5571
    5526
    5589
    5604
    5502
    5553
    5535
    5627
    5586
    5436
    5486
    5585
    5512
    5454
    5430
    5357
    5381
    5212
    5389
    5162
    5321
    5272
    5207
    5322
    5198
    5175
    5152
    5167
    5101
    5213
    5176
    5087
    5034
    5014
    5048
    5095
    5093
    5085
    4989
    5005
    4918
    4871
    4921
    4983
    4889
    4990
    4927
    4939
    4916
    4763
    4847
    4893
    4745
    4766
    4823
    4821
    4649
    4769
    4643
    4720
    4657
    4833
    4495
    4538
    4658
    4551
    4631
    4565
    4486
    4637
    4589
    4545
    4536
    4648
    4537
    4634
    4450
    4432
    4407
    4558
    4364
    4500
    4474
    4428
    4488
    4476
    4386
    4318
    4287
    4260
    4444
    4180
    4466
    4307
    4291
    4453
    4373
    4284
    4355
    4243
    4325
    4225
    4271
    4203
    4154
    4213
    4237
    4229
    4208
    4217
    4217
    4149
    4208
    4228
    4144
    4062
    4131
    4215
    4165
    4246
    4129
    4054
    4260
    3987
    4052
    4214
    4065
    4020
    3987
    3879
    4017
    4046
    4011
    3937
    4045
    3939
    4031
    4008
    4065
    4017
    4087
    3977
    3874
    3891
    3861
    4015
    3920
    3878
    3963
    3972
    3902
    3919
    3852
    3952
    3723
    3795
    3784
    3856
    3745
    3816
    3787
    3730
    3757
    3733
    3720
    3748
    3679
    3718
    3663
    3808
    3790
    3711
    3651
    3715
    3648
    3746
    3711
    3697
    3727
    3593
    3515
    3660
    3535
    3656
    3510
    3523
    3520
    3551
    3478
    3492
    3613
    3471
    3367
    3524
    3386
    3325
    3319
    3320
    3469
    3391
    3414
    3383
    3378
    3275
    3424
    3365
    3343
    3280
    3265
    3265
    3258
    3313
    3226
    3317
    3198
    3193
    3308
    3200
    3230
    3203
    3201
    3226
    3265
    3180
    3161
    3180
    3153
    3152
    3107
    3021
    3133
    3178
    3135
    3040
    3063
    3057
    3082
    3097
    3066
    3091
    3078
    3058
    3063
    3112
    2996
    3017
    3053
    3056
    3109
    3031
    3128
    3072
    2920
    2963
    3026
    3051
    3032
    3096
    2976
    3005
    2990
    2959
    2999
    2983
    3051
    3022
    3167
    2873
    2946
    3023
    3020
    3049
    2993
    3057
    2972
    2964
    3030
    3035
    2991
    3086
    2967
    3016
    3083
    2961
    2999
    3044
    3126
    3161
    2998
    2987
    3057
    3028
    2943
    3034
    3100
    3182
    3114
    3142
    3081
    3083
    3074
    3096
    3123
    3005
    3053
    3051
    3075
    3111
    3111
    3152
    3123
    3189
    3212
    3139
    3178
    3148
    3096
    3212
    3062
    3209
    3210
    3066
    3257
    3220
    3215
    3132
    3346
    3232
    3311
    3249
    3327
    3306
    3227
    3280
    3191
    3292
    3216
    3317
    3276
    3309
    3298
    3294
    3225
    3357
    3373
    3359
    3407
    3421
    3534
    3389
    3377
    3409
    3443
    3500
    3443
    3584
    3496
    3380
    3499
    3472
    3444
    3497
    3550
    3597
    3486
    3552
    3493
    3590
    3575
    3551
    3586
    3503
    3652
    3570
    3630
    3567
    3696
    3643
    3665
    3666
    3719
    3691
    3678
    3718
    3753
    3743
    3730
    3683
    3738
    3794
    3775
    3763
    3823
    3832
    3945
    3859
    3899
    3955
    3818
    3883
    3931
    3925
    3939
    3939
    3992
    3903
    3966
    3880
    3978
    3989
    3993
    4044
    3986
    3979
    4064
    3976
    4197
    4059
    4067
    4148
    4055
    4193
    4118
    4110
    4117
    4194
    4093
    4204
    4302
    4112
    4169
    4168
    4216
    4350
    4150
    4218
    4339
    4227
    4255
    4347
    4436
    4430
    4309
    4291
    4320
    4379
    4345
    4379
    4318
    4386
    4460
    4446
    4460
    4309
    4190
    4564
    4573
    4444
    4324
    4526
    4420
    4405
    4463
    4547
    4491
    4507
    4471
    4430
    4510
    4522
    4612
    4558
    4525
    4496
    4433
    4437
    4583
    4421
    4582
    4592
    4464
    4524
    4623
    4524
    4521
    4516
    4490
    4497
    4473
    4537
    4504
    4542
    4481
    4416
    4452
    4347
    4515
    4521
    4400
    4405
    4570
    4388
    4379
    4395
    4406
    4384
    4361
    4242
    4281
    4338
    4270
    4192
    4247
    4243
    4284
    4194
    4160
    4155
    4043
    4082
    4050
    4092
    4188
    3974
    4069
    4013
    3899
    4000
    3980
    3936
    3859
    3861
    3714
    3799
    3790
    3730
    3777
    3612
    3789
    3583
    3592
    3509
    3532
    3448
    3505
    3407
    3458
    3409
    3308
    3346
    3302
    3209
    3194
    3240
    3188
    3079
    3196
    3093
    3035
    2982
    3074
    3007
    2928
    2929
    2870
    2774
    2840
    2749
    2782
    2745
    2792
    2615
    2630
    2631
    2578
    2455
    2502
    2549
    2433
    2477
    2479
    2293
    2279
    2261
    2253
    2295
    2237
    2254
    2136
    2127
    2060
    2053
    2089
    1990
    2046
    1931
    2001
    1931
    1889
    1858
    1867
    1827
    1650
    1815
    1800
    1690
    1673
    1627
    1687
    1604
    1589
    1579
    1631
    1591
    1536
    1513
    1492
    1513
    1420
    1456
    1449
    1531
    1419
    1365
    1372
    1325
    1226
    1283
    1207
    1208
    1259
    1306
    1258
    1183
    1155
    1169
    1166
    1078
    1093
    1152
    1149
    1115
    1022
    1117
    1062
    1040
     997
     995
    1019
     938
     995
    1042
    1022
     949
     973
     986
     982
     992
     934
     941
     917
     878
     934
     900
     874
     916
     859
     908
     882
     858
     826
     809
     850
     833
     799
     835
     830
     798
     805
     806
     844
     733
     881
     815
     820
     811
     806
     805
     768
     829
     735
     749
     754
     774
     771
     794
     707
     740
     719
     766
     721
     738
     734
     752
     776
     706
     747
     755
     760
     744
     705
     751
     754
     762
     721
     680
     717
     707
     727
     690
     734
     734
     738
     694
     729
     713
     693
     716
     740
     686
     662
     694
     663
     700
     754
     670
     663
     687
     703
     716
     682
     680
     670
     703
     713
     688
     704
     724
     748
     714
     673
     723
     660
     650
     693
     689
     711
     729
     687
     662
     694
     731
     720
     694
     631
     697
     682
     768
     652
     691
     690
     677
     722
     682
     678
     710
     707
     652
     692
     689
     705
     691
     684
     674
     674
     643
     674
     663
     652
     682
     625
     702
     661
     637
     682
     706
     704
     704
     692
     650
     692
     621
     699
     649
     642
     657
     720
     682
     664
     640
     711
     684
     699
     662
     672
     668
     670
     641
     693
     719
     693
     673
     622
     599
     673
     672
     631
     664
     644
     671
     693
     671
     679
     693
     697
     653
     687
     666
     648
     638
     680
     651
     657
     654
     714
     673
     634
     653
     694
     644
     643
     668
     607
     670
     663
     657
     677
     652
     623
     631
     633
     657
     646
     683
     640
     623
     683
     624
     671
     647
     655
     641
     597
     665
     652
     651
     638
     625
     664
     667
     685
     637
     649
     662
     654
     658
     678
     629
     650
     651
     630
     661
     595
     653
     651
     636
     634
     625
     583
     624
     670
     672
     625
     625
     727
     586
     677
     634
     689
     643
     593
     643
     640
     624
     593
     614
     596
     644
     566
     641
     626
     616
     629
     633
     626
     603
     590
     611
     605
     617
     667
     633
     623
     611
     655
     581
     642
     617
     620
     649
     636
     630
     617
     635
     663
     619
     649
     612
     605
     610
     649
     723
     596
     669
     614
     628
     617
     640
     585
     610
     594
     606
     584
     659
     643
     597
     630
     615
     622
     645
     630
     609
     625
     645
     643
     600
     627
     564
     627
     596
     617
     618
     615
     628
     587
     586
     602
     643
     610
     603
     602
     641
     595
     641
     635
     594
     627
     589
     606
     617
     581
     630
     635
     637
     603
     616
     622
     600
     654
     639
     610
     568
     580
     618
     623
     611
     583
     598
     625
     573
     593
     586
     586
     623
     588
     666
     617
     599
     621
     583
     597
     607
     557
     602
     604
     602
     613
     622
     597
     624
     589
     602
     568
     624
     574
     619
     616
     605
     610
     606
     616
     596
     609
     588
     613
     579
     602
     601
     552
     627
     628
     606
     591
     574
     623
     588
     585
     573
     576
     578
     589
     572
     639
     575
     575
     602
     557
     555
     598
     579
     575
     638
     646
     607
     565
     581
     589
     584
     575
     573
     592
     553
     608
     570
     582
     540
     581
     622
     632
     610
     572
     568
     619
     605
     618
     636
     632
     570
     601
     551
     599
     611
     528
     570
     615
     567
     575
     566
     587
     570
     613
     587
     603
     571
     597
     609
     582
     598
     587
     570
     578
     600
     570
     546
     603
     589
     586
     581
     606
     584
     554
     571
     559
     561
     545
     577
     599
     563
     588
     561
     532
     573
     545
     554
     590
     582
     558
     550
     555
     559
     562
     543
     565
     564
     578
     598
     580
     536
     539
     563
     577
     575
     593
     575
     572
     582
     603
     544
     561
     535
     577
     603
     556
     566
     587
     585
     573
     609
     575
     581
     511
     611
     577
     553
     517
     519
     537
     578
     567
     546
     592
     545
     547
     526
     599
     554
     549
     592
     545
     553
     562
     556
     557
     514
     579
     566
     558
     533
     556
     584
     557
     503
     590
     548
     547
     573
     552
     550
     568
     570
     573
     567
     561
     531
     530
     546
     493
     557
     503
     539
     524
     559
     550
     552
     561
     566
     531
     489
     520
     524
     555
     508
     593
     560
     586
     518
     544
     536
     529
     528
     561
     524
     566
     529
     556
     520
     566
     511
     555
     568
     532
     533
     502
     512
     557
     528
     582
     573
     551
     530
     530
     603
     569
     570
     517
     572
     544
     537
     539
     506
     482
     494
     574
     492
     496
     485
     499
     522
     536
     542
     544
     515
     506
     547
     527
     512
     523
     526
     509
     556
     504
     562
     543
     541
     515
     523
     519
     516
     543
     503
     518
     516
     556
     553
     495
     516
     444
     497
     514
     487
     543
     493
     538
     539
     520
     502
     523
     457
     464
     466
     487
     494
     482
     529
     475
     459
     490
     524
     494
     498
     489
     492
     475
     537
     486
     532
     513
     489
     506
     485
     473
     495
     502
     511
     484
     506
     461
     486
     463
     458
     482
     463
     514
     519
     478
     502
     525
     492
     500
     470
     476
     473
     455
     481
     530
     493
     487
     491
     478
     478
     499
     520
     499
     467
     470
     504
     505
     458
     483
     476
     503
     460
     487
     437
     444
     454
     453
     458
     506
     470
     466
     460
     474
     473
     504
     428
     500
     463
     475
     474
     495
     482
     474
     440
     467
     468
     494
     485
     462
     438
     459
     440
     387
     494
     474
     475
     443
     441
     456
     386
     420
     460
     445
     471
     417
     455
     451
     408
     412
     426
     460
     436
     450
     465
     427
     420
     480
     447
     426
     425
     396
     409
     440
     417
     435
     425
     404
     430
     445
     415
     450
     448
     444
     432
     405
     405
     451
     440
     401
     391
     428
     390
     416
     400
     384
     382
     403
     404
     435
     402
     428
     377
     427
     443
     381
     412
     407
     406
     408
     418
     395
     372
     376
     400
     404
     405
     422
     411
     373
     376
     391
     396
     365
     392
     406
     416
     365
     381
     365
     376
     398
     390
     376
     373
     354
     350
     369
     373
     355
     356
     373
     380
     335
     332
     385
     321
     367
     381
     370
     369
     362
     353
     349
     335
     335
     346
     377
     308
     357
     321
     319
     342
     322
     347
     331
     350
     354
     344
     313
     369
     344
     346
     361
     295
     355
     333
     318
     336
     297
     325
     317
     344
     306
     330
     367
     330
     330
     330
     327
     325
     317
     320
     349
     335
     328
     341
     287
     349
     288
     359
     331
     324
     319
     307
     323
     307
     334
     301
     314
     300
     284
     326
     280
     315
     296
     282
     279
     299
     286
     319
     322
     312
     314
     292
     311
     295
     292
     278
     283
     303
     287
     270
     314
     273
     292
     312
     262
     295
     297
     281
     287
     297
     270
     320
     297
     274
     271
     286
     295
     284
     270
     288
     301
     290
     284
     258
     311
     314
     281
     279
     256
     277
     260
     251
     282
     263
     271
     259
     292
     268
     291
     260
     270
     277
     300
     280
     263
     271
     300
     267
     263
     261
     259
     251
     261
     255
     289
     285
     271
     264
     245
     269
     268
     281
     274
     256
     252
     258
     253
     289
     250
     269
     218
     242
     254
     260
     239
     254
     251
     238
     264
     261
     266
     229
     258
     234
     237
     254
     239
     261
     260
     238
     255
     240
     265
     243
     230
     264
     259
     231
     241
     253
     255
     256
     246
     263
     282
     243
     246
     263
     257
     247
     239
     254
     235
     234
     234
     247
     269
     264
     255
     232
     241
     237
     230
     273
     252
     237
     209
     256
     217
     253
     257
     244
     235
     269
     254
     223
     246
     259
     244
     238
     275
     255
     255
     232
     227
     231
     232
     275
     258
     281
     249
     273
     244
     207
     236
     291
     271
     264
     234
     252
     240
     224
     263
     243
     211
     252
     235
     249
     271
     216
     245
     239
     251
     239
     225
     266
     232
     237
     243
     246
     279
     244
     253
     260
     245
     249
     250
     278
     264
     255
     243
     256
     246
     241
     254
     263
     257
     251
     272
     245
     247
     243
     273
     236
     274
     241
     256
     246
     230
     254
     271
     270
     252
     270
     282
     266
     235
     260
     221
     233
     259
     246
     257
     228
     255
     238
     261
     256
     234
     255
     263
     251
     266
     249
     268
     228
     268
     211
     258
     254
     264
     255
     233
     261
     266
     244
     278
     235
     233
     275
     253
     254
     266
     259
     255
     256
     245
     266
     255
     284
     262
     264
     239
     267
     258
     264
     256
     234
     276
     243
     241
     230
     255
     231
     265
     252
     244
     238
     252
     244
     257
     244
     237
     248
     242
     244
     262
     258
     240
     250
     214
     242
     254
     235
     230
     230
     241
     235
     213
     243
     241
     244
     224
     244
     226
     257
     248
     209
     235
     209
     219
     231
     226
     246
     221
     225
     226
     223
     211
     221
     230
     202
     242
     227
     225
     240
     264
     227
     236
     238
     228
     197
     231
     214
     214
     221
     228
     209
     195
     205
     218
     205
     214
     208
     192
     194
     203
     220
     191
     208
     232
     210
     199
     182
     220
     202
     230
     184
     200
     201
     201
     188
     201
     181
     190
     198
     205
     195
     196
     198
     197
     178
     202
     171
     193
     188
     160
     174
     194
     216
     157
     177
     173
     182
     182
     172
     182
     137
     186
     164
     163
     173
     169
     171
     163
     145
     168
     174
     156
     154
     165
     173
     171
     175
     148
     146
     150
     147
     164
     184
     136
     142
     172
     140
     169
     138
     145
     166
     114
     138
     147
     147
     152
     144
     136
     145
     124
     130
     149
     139
     130
     125
     126
     120
     117
     119
     103
     141
     131
     123
     139
     101
     116
     113
     133
     139
     116
      98
     117
     114
     101
      99
     124
     114
     136
     112
     110
     103
     105
     108
     111
     110
     106
     124
      91
     104
     102
     102
      89
     109
     115
      83
      85
     102
     116
     100
      71
     107
      79
     105
      90
      86
     101
      91
      88
     108
      80
      78
      71
      71
      98
      82
      85
      77
      89
      69
      75
      50
      85
      78
      82
      88
      76
      61
      84
      75
      86
      71
      58
      63
      87
      72
      64
      71
      70
      69
      65
      58
      61
      71
      67
      59
      60
      83
      59
      73
      70
      85
      53
      62
      52
      69
      61
      65
      58
      56
      55
      55
      49
      43
      72
      70
      43
      60
      60
      55
      50
      42
      57
      54
      46
      56
      47
      43
      36
      62
      45
      35
      54
      44
      56
      50
      45
      39
      58
      46
      44
      57
      40
      46
      40
      46
      60
      56
      40
      46
      36
      40
      45
      38
      45
      38
      36
      47
      37
      43
      49
      38
      49
      41
      33
      47
      41
      34
      49
      55
      39
      37
      35
      48
      41
      35
      25
      45
      32
      43
      43
      38
      44
      40
      41
      37
      34
      46
      38
      33
      29
      39
      36
      36
      30
      35
      37
      35
      28
      42
      41
      36
      33
      33
      22
      35
      38
      34
      41
      35
      34
      32
      39
      29
      35
      33
      33
      25
      30
      35
      28
      35
      37
      23
      33
      36
      33
      29
      23
      24
      24
      39
      31
      34
      31
      26
      35
      22
      28
      27
      34
      36
      30
      31
      40
      33
      32
      26
      30
      23
      25
      22
      33
      24
      18
      33
      22
      29
      25
      28
      28
      19
      26
      21
      20
      19
      25
      29
      25
      24
      33
      29
      31
      34
      24
      38
      22
      19
      35
      32
      26
      35
      30
      22
      26
      32
      33
      31
      22
      16
      22
      28
      26
      23
      29
      21
      24
      31
      24
      21
      22
      18
      15
      25
      19
      16
      25
      26
      27
      21
      23
      22
      21
      21
      23
      26
      22
      23
      28
      22
      24
      28
      28
      17
      26
      24
      23
      27
      17
      18
      23
      24
      28
      13
      17
      20
      30
      31
      21
      21
      13
      21
      29
      23
      14
      15
      22
      13
      18
      19
      24
      13
      18
      17
      17
      12
      18
      23
      17
      26
      18
      18
      23
      18
      25
      17
      14
      20
      19
      20
      21
      12
      13
      17
      24
      23
      19
      22
      18
      26
      20
      16
      25
      16
      18
      17
      29
      14
      20
      20
      18
      11
      13
      30
      22
      20
      13
      18
      17
      14
      16
      15
      25
      20
      16
      23
      20
      17
      15
      16
      16
      14
      13
      12
      19
      19
      15
      18
      16
      14
      15
      15
      17
      15
      19
      20
      16
      20
      17
      19
      20
      15
      10
      14
      11
      19
      13
      14
      14
      16
       9
      13
      18
      16
      13
      11
      13
      14
      18
      18
      10
      10
      18
      13
      10
       7
      16
       7
      18
       9
       9
      16
      12
      12
      20
      10
       8
      13
       9
      14
      16
      20
      16
      12
      13
      25
      14
      10
      12
      14
      14
      15
      15
      12
      12
      10
      13
      16
      14
      12
       8
      15
       9
       4
      10
      14
      15
      12
      13
      11
       9
      11
      12
      12
      11
      12
      14
       8
      17
       8
      13
       8
      10
      10
      12
      15
      11
      12
      19
       9
       9
      14
      12
       9
       8
       6
      10
      11
       8
      14
      12
      17
      12
      16
      13
      11
       9
      15
      11
      10
      10
       9
      17
      11
       6
       7
      16
       7
      11
      13
      14
      12
       9
       9
       8
      15
      16
      17
      17
      12
      12
      13
      11
       4
      14
      11
      13
      13
      10
      10
       5
       8
       9
      12
       6
       4
       8
      12
       7
      14
      12
      13
       8
      15
       6
       7
      10
      12
      12
       5
      15
      16
       8
       4
      13
       7
      10
      11
       9
       8
       8
       8
       6
       7
      12
       5
      13
      14
      10
      17
       7
       8
      12
       5
       7
      12
       9
      10
       8
       6
       4
      11
      14
       4
       9
      11
       9
       6
      11
       4
       9
       8
      12
       3
       6
       7
      13
      10
       7
       6
      11
       8
       6
       7
      11
       9
       3
       3
       4
       5
       5
       9
       9
       9
      15
      14
       6
       8
      11
      15
       7
       5
       9
       6
       4
       7
       8
      10
      15
      14
      10
       5
       5
      10
       6
       6
       4
       8
       8
       6
       5
      10
       8
      15
       6
       1
       3
      12
       7
       8
       9
       5
       7
       4
       8
       8
       8
       5
      11
       9
       3
       5
       3
       7
      10
      13
       9
       8
      10
       7
       7
       6
      10
       7
       7
       7
       9
       6
      10
       9
       3
      11
       8
       7
       5
       5
      14
       7
       8
       3
       5
       6
      10
       5
       3
       7
       8
       7
       5
       8
       7
       6
       5
       4
       3
       4
      11
       3
      11
       4
       3
      14
       5
       5
       8
      10
      12
       3
       8
       6
       7
       7
       7
       8
      10
       9
       4
       5
       8
       5
      10
       6
       8
      14
       2
       6
       7
       2
       3
       6
      11
       5
       6
       8
       8
       7
       4
       4
       3
       4
       4
       1
       6
       9
       6
       3
       6
       5
       7
      10
       3
       5
       9
       5
       3
       5
       2
       6
       2
       3
       2
       4
       7
       6
       5
       5
       5
       3
       4
       8
       5
       5
       2
       2
       4
       4
      12
       5
       6
       7
       4
       6
       4
       4
       6
       7
       6
       6
       6
       3
       6
       3
      10
       4
       7
       1
       2
       4
       3
       0
       4
       3
       3
       4
       6
       6
       4
       3
       5
       8
       1
       5
       6
       1
       3
       5
       6
       7
       5
       8
       7
       4
       4
       4
       6
       2
       5
       5
       7
       5
       3
       5
       6
       2
       4
       2
       5
       4
       4
       3
       5
       2
       0
       3
       3
       2
       5
       5
       5
       4
       2
       3
       5
       4
       4
       2
       3
       1
       3
       5
       4
       3
       2
       0
       3
       2
       3
       3
       7
       3
       6
       3
       3
       4
       3
       3
       3
       1
       6
       5
       5
       2
       2
       3
       2
       2
       4
       1
       5
       3
       2
       1
       0
       2
       0
       3
       5
       4
       1
       0
       1
       2
       5
       2
       3
       3
       1
       1
       2
       1
       1
       2
       3
       5
       2
       1
       2
       4
       3
       0
       2
       0
       1
       1
       1
       1
       2
       4
       2
       3
       1
       2
       4
       0
       2
       2
       7
       6
       0
       3
       5
       2
       0
       2
       1
       0
       1
       4
       6
       1
       1
       1
       0
       2
       1
       0
       2
       3
       0
       3
       0
       2
       1
       1
       2
       3
       1
       1
       3
       1
       2
       0
       3
       1
       0
       0
       3
       2
       1
       1
       0
       3
       1
       0
       3
       0
       1
       0
       0
       2
       1
       2
       0
       0
       0
       0
       2
       2
       0
       1
       1
       0
       0
       3
       5
       1
       2
       0
       1
       0
       1
       2
       0
       1
       1
       1
       1
       0
       1
       2
       4
       1
       1
       2
       0
       2
       0
       0
       0
       1
       1
       1
       0
       1
       0
       0
       0
       4
       0
       1
       0
       1
       0
       0
       1
       0
       1
       1
       0
       0
       1
       0
       0
       0
       0
       1
       0
       0
       0
       1
       0
       1
       0
       1
       1
       0
       0
       0
       2
       1
       0
       0
       2
       0
       2
       2
       1
       0
       1
       0
       1
       3
       1
       1
       1
       0
       0
       1
       0
       1
       1
       1
       2
       0
       0
       1
       1
       0
       0
       0
       0
       2
       1
       1
       1
       0
       0
       0
       1
       0
       1
       0
       0
       1
       4
       0
       0
       0
       0
       0
       0
       2
       1
       0
       0
       1
       1
       0
       0
       0
       2
       0
       1
       0
       1
       1
       1
       0
       0
       0
       0
       1
       0
       0
       0
       0
       0
       0
       1
       1
       0
       0
       1
       1
       1
       0
       2
       0
       0
       0
       1
       0
       0
       0
       0
       1
       1
       1
       1
       1
       1
       0
       0
       1
       0
       1
       0
       1
       1
       0
       0
       0
       0
       0
       1
       1
       0
       0
       1
       0
       0
       1
       1
       0
       0
       0
       1
       0
       0
       0
       0
       1
       0
       0
       0
       0
       0
       0
       0
       0
       0
       1
       0
       0
       0
       0
       0
       0
       1
       0
       1
       1
       0
       0
       0
       0
       0
       0
       0
       0
       2
       1
       1
       0
       1
       0
       0
       0
       0
       0
       2
       2
       1
       0
       0
       1
       0
       0
       0
       0
       0
       0
       0
       0
       0
       0
       1
       0
       0
       1
       1
       2
       0
       1
       0
       0
       0
       0
       0
       0
       0
       0
       0
       1
       0
       0
       0
       1
       0
       1
       0
       0
       0
       2
       0
       0
       0
       0
       0
       0
       0
       0
       0
       0
       1
       0
       0
       0
       0
       0
       0
       0
       0
       0
       0
       0
       0
       0
       0
       1
       0
       0
       0
       0
       0
       0
       0
       0
       2
       0
       1
       0
       0
       0
       1
       1
       0
       0
       1
       1
       0
       0
       0
       0
       0
       0
       0
       0
       0
       1
       0
       1
       0
       0
       1
       0
       0
       1
       0
       0
       0
       0
       1
       0
       0
       0
       0
       1
       0
       0
       1
       0
       0
       1
       0
       0
       0
       0
       0
       0
       0
       1
       0
       0
       0
       0
       0
       0
       0
       0
       0
       1
       0
       0
       1
       1
       0
       1
       0
       0
       0
       0
       0
       1
       0
       0
       0
       0
       0
       0
       0
       0
       0
       0
       0
       0
       0
       0
       0
       0
       0
       0
       0
       0
       0
       0
       1
       0
       1
       1
       1
       0
       0
       0
       0
       0
       0
       0
       0
       0
       0
       0
       0
       1
       0
       0
       0
       0
       0
       1
       0
       1
       0
       0
       0
       0
       0
       0
       0
       1
       0
       1
       0
       0
       0
       0
       0
       0
       0
       0
       0
       0
       0
       0
       0
       1
       1
       1
       0
       1
       0
       0
       0
       1
       1
       0
       0
       0
       0
       0
       0
       0
       0
       1
       0
       0
       0
       1
       0
       1
       0
       0
       1
       0
       0
       0
       0
       0
       1
       0
       0
       1
       0
       0
       0
       0
       0
       0
       0
       0
       1
       0
       0
       0
       0
       0
       0
       0
       0
       0
       0
       0
       0
       2
       0
       1
       0
       0
       0
       0
       0
       0
       0
       0
       0
       0
       0
       0
       0
       0
       0
       0
       0
       0
       0
       0
       0
       0
       0
       0
       0
       0
       0
       0
       0
       0
       0
       0
       0
       0
       0
       0
       0
       0
       0
       0
       0
       0
       0
       0
       0
       0
       0
       0
       0
       0
       0
       0
       0
       0
       0
       0
       0
       0
       0
       0
       0
       0
       0
       0