       0
       0
       0
       0
      25
      45
      81
     109
     182
     327
     599
    1169
    2718
    6128
   12403
   20374
   33708
   78191
  181340
  146246
   92884
   71202
   56617
   44890
   35987
   29230
   23984
   20061
   16834
   14633
   13013
   11559
   10576
    9519
    8897
    8294
    7864
    7301
    6936
    6552
    6206
    6094
    5727
    5552
    5373
    5130
    4919
    4848
    4639
    4744
    4467
    4419
    4362
    4216
    4204
    4144
    4090
    4004
    4004
    3814
    3853
    3863
    3765
    3664
    3709
    3794
    3794
    3740
    3576
    3606
    3702
    3606
    3502
    3535
    3553
    3417
    3474
    3489
    3372
    3378
    3347
    3438
    3432
    3301
    3346
    3279
    3354
    3237
    3180
    3351
    3141
    3215
    3305
    3220
    3178
    3113
    3107
    3198
    3187
    3030
    3121
    3115
    3008
    3151
    3083
    3055
    3129
    3022
    3010
    3000
    3100
    3053
    2966
    3086
    3017
    3046
    2972
    3083
    2974
    3060
    3051
    2982
    3057
    3035
    2969
    3049
    3056
    2916
    3007
    3064
    2919
    2931
    3018
    2952
    2953
    2974
    3076
    2989
    3023
    2952
    3020
    2975
    2978
    2946
    2990
    3027
    2945
    2927
    3028
    3138
    3003
    2955
    2920
    3065
    3005
    2976
    2913
    2959
    2902
    3000
    3012
    2909
    2905
    3017
    3038
    3105
    3014
    2945
    2900
    2969
    3002
    2970
    2963
    3029
    2982
    2961
    2977
    3097
    2997
    2987
    3091
    3086
    3050
    3013
    3011
    2973
    3032
    3020
    2979
    3018
    3126
    3009
    3113
    3042
    2984
    3040
    3083
    3081
    3074
    3019
    3060
    3073
    3196
    3076
    3065
    3243
    3250
    3058
    3134
    2994
    3094
    3026
    3177
    3159
    3221
    3115
    3186
    3240
    3051
    3197
    3227
    3173
    3315
    3225
    3123
    3140
    3154
    3235
    3094
    3140
    3274
    3304
    3229
    3253
    3226
    3237
    3230
    3186
    3258
    3220
    3163
    3257
    3284
    3246
    3266
    3287
    3272
    3275
    3286
    3301
    3147
    3245
    3247
    3254
    3204
    3369
    3382
    3239
    3301
    3310
    3320
    3328
    3244
    3380
    3266
    3363
    3274
    3294
    3238
    3423
    3401
    3431
    3395
    3312
    3487
    3344
    3426
    3408
    3423
    3389
    3415
    3385
    3395
    3513
    3458
    3533
    3497
    3470
    3476
    3524
    3645
    3495
    3531
    3480
    3616
    3644
    3666
    3665
    3593
    3590
    3615
    3553
    3714
    3735
    3607
    3672
    3649
    3731
    3714
    3691
    3770
    3720
    3715
    3742
    3753
    3710
    3832
    3782
    3812
    3866
    3802
    3867
    3828
    3829
    3915
    3818
    3859
    3799
    3896
    3963
    3794
    3790
    3855
    3860
    3926
    3832
    3826
    3955
    3839
    3931
    3908
    3975
    3861
    4001
    3925
    3881
    3840
    4001
    3951
    3911
    3915
    3914
    3918
    3930
    3887
    3901
    3841
    3852
    3864
    3823
    3862
    3696
    3743
    3762
    3794
    3877
    3784
    3895
    3749
    3804
    3792
    3707
    3717
    3708
    3741
    3689
    3700
    3627
    3676
    3621
    3595
    3660
    3697
    3586
    3580
    3607
    3452
    3620
    3571
    3518
    3555
    3532
    3600
    3427
    3541
    3363
    3439
    3393
    3415
    3364
    3448
    3294
    3366
    3456
    3279
    3369
    3345
    3404
    3303
    3259
    3258
    3350
    3258
    3276
    3247
    3184
    3143
    3260
    3238
    3097
    3211
    3256
    3078
    3159
    3049
    3061
    3067
    3168
    3069
    3029
    3189
    3007
    3009
    3012
    3048
    3015
    3020
    2908
    2947
    3081
    2959
    2946
    2856
    2902
    2900
    2859
    2901
    2840
    2886
    2889
    2925
    2882
    2737
    2856
    2821
    2855
    2763
    2754
    2740
    2754
    2738
    2657
    2697
    2675
    2698
    2703
    2642
    2615
    2755
    2707
    2696
    2652
    2695
    2733
    2686
    2758
    2598
    2562
    2629
    2607
    2573
    2644
    2610
    2549
    2583
    2594
    2540
    2591
    2493
    2466
    2594
    2573
    2508
    2505
    2566
    2494
    2548
    2514
    2460
    2434
    2457
    2428
    2458
    2454
    2480
    2359
    2420
    2528
    2426
    2319
    2340
    2406
    2337
    2398
    2417
    2401
    2290
    2441
    2336
    2312
    2278
    2291
    2285
    2400
    2318
    2379
    2383
    2237
    2252
    2336
    2174
    2283
    2328
    2277
    2203
    2246
    2294
    2371
    2187
    2242
    2226
    2160
    2191
    2204
    2318
    2217
    2233
    2195
    2255
    2202
    2284
    2225
    2248
    2137
    2182
    2286
    2175
    2197
    2149
    2128
    2281
    2156
    2217
    2126
    2180
    2104
    2127
    2083
    2126
    2141
    2100
    2062
    2064
    2095
    2166
    2071
    2220
    2146
    2113
    2090
    1996
    2107
    2104
    2182
    2160
    2164
    2037
    2002
    2035
    2049
    2063
    2085
    2057
    2060
    2046
    2080
    2048
    1996
    2045
    1995
    2091
    1965
    1953
    1925
    1994
    1909
    1941
    2003
    1958
    1932
    1934
    2009
    1899
    1931
    1957
    1937
    1877
    1962
    1919
    1861
    1836
    1940
    1876
    1926
    1866
    1888
    1864
    1888
    1830
    1831
    1820
    1806
    1875
    1814
    1767
    1787
    1762
    1699
    1738
    1755
    1727
    1785
    1807
    1780
    1717
    1686
    1729
    1692
    1762
    1663
    1695
    1682
    1643
    1616
    1650
    1571
    1523
    1658
    1615
    1523
    1641
    1614
    1534
    1500
    1527
    1522
    1539
    1442
    1476
    1472
    1451
    1457
    1453
    1372
    1429
    1370
    1415
    1368
    1369
    1359
    1365
    1282
    1326
    1288
    1261
    1282
    1269
    1220
    1303
    1236
    1204
    1184
    1315
    1254
    1250
    1197
    1192
    1198
    1175
    1164
    1111
    1122
    1184
    1154
    1109
    1133
    1073
    1067
    1056
    1080
     998
    1054
    1075
    1090
    1047
    1080
    1006
    1006
     973
    1034
     969
    1021
     997
    1025
     950
    1011
     910
     948
     938
     978
     924
     946
     922
     944
     890
     938
     894
     952
     883
     914
     951
     875
     835
     878
     878
     880
     848
     948
     930
     895
     916
     873
     907
     859
     823
     885
     850
     872
     846
     853
     883
     838
     876
     866
     862
     857
     842
     857
     807
     859
     890
     898
     819
     832
     807
     902
     873
     863
     807
     896
     860
     922
     824
     880
     798
     873
     897
     868
     868
     843
     847
     923
     841
     872
     860
     907
     897
     910
     913
     942
     871
     976
     930
     947
     901
     876
     890
     979
     905
     943
     939
     954
     955
     933
     984
    1015
     991
     972
     997
     993
    1000
     937
     986
     981
    1009
    1040
    1023
    1019
    1030
     988
    1040
    1008
    1111
    1127
    1065
    1064
    1104
    1093
    1072
    1106
    1100
    1147
    1129
    1204
    1100
    1147
    1169
    1208
    1193
    1199
    1228
    1249
    1214
    1216
    1249
    1240
    1323
    1218
    1303
    1318
    1306
    1284
    1386
    1405
    1359
    1403
    1401
    1366
    1431
    1437
    1454
    1375
    1494
    1478
    1499
    1518
    1551
    1526
    1599
    1598
    1607
    1580
    1635
    1651
    1651
    1682
    1669
    1783
    1756
    1807
    1737
    1830
    1770
    1867
    1850
    1898
    1913
    1978
    1957
    1982
    2047
    1948
    2014
    2091
    2082
    2125
    2162
    2126
    2131
    2199
    2163
    2284
    2287
    2233
    2296
    2250
    2251
    2361
    2354
    2420
    2491
    2486
    2719
    2516
    2606
    2511
    2666
    2572
    2664
    2518
    2751
    2709
    2797
    2746
    2830
    2780
    2916
    2908
    2901
    3005
    2913
    3024
    3018
    3058
    3037
    3114
    3074
    3150
    3102
    3206
    3152
    3126
    3390
    3247
    3268
    3173
    3333
    3278
    3312
    3216
    3306
    3399
    3512
    3217
    3437
    3465
    3486
    3368
    3535
    3548
    3573
    3497
    3473
    3569
    3545
    3385
    3676
    3640
    3608
    3589
    3611
    3656
    3632
    3601
    3606
    3596
    3674
    3636
    3630
    3574
    3753
    3590
    3694
    3616
    3602
    3593
    3636
    3627
    3638
    3592
    3702
    3514
    3565
    3548
    3381
    3471
    3510
    3497
    3465
    3328
    3297
    3326
    3339
    3337
    3269
    3293
    3396
    3374
    3345
    3309
    3290
    3301
    3159
    3176
    3196
    3147
    3092
    3151
    3108
    3020
    3050
    2945
    2914
    2923
    2840
    2848
    2920
    2789
    2776
    2752
    2714
    2657
    2600
    2553
    2656
    2487
    2589
    2516
    2382
    2409
    2364
    2370
    2368
    2240
    2193
    2205
    2240
    2247
    2172
    2102
    2109
    2057
    2015
    1993
    1876
    1884
    1937
    1815
    1812
    1876
    1768
    1744
    1695
    1694
    1680
    1620
    1616
    1613
    1585
    1472
    1437
    1518
    1415
    1341
    1382
    1383
    1297
    1327
    1300
    1281
    1256
    1225
    1208
    1129
    1134
    1163
    1145
    1118
    1100
    1123
    1019
    1033
     984
     949
     979
     944
     873
     894
     890
     904
     879
     824
     813
     827
     769
     776
     800
     702
     732
     751
     662
     679
     702
     653
     691
     621
     618
     632
     614
     599
     646
     544
     596
     593
     537
     524
     516
     560
     540
     524
     512
     525
     533
     484
     527
     472
     450
     452
     465
     479
     442
     394
     453
     459
     401
     452
     407
     409
     421
     392
     420
     407
     396
     407
     382
     391
     387
     401
     416
     387
     373
     373
     382
     361
     334
     377
     363
     398
     370
     344
     331
     327
     378
     366
     340
     345
     361
     321
     332
     354
     284
     357
     352
     375
     322
     320
     342
     334
     324
     351
     290
     341
     355
     319
     332
     333
     333
     321
     313
     328
     351
     368
     308
     313
     350
     310
     311
     342
     298
     324
     301
     304
     325
     325
     347
     313
     300
     307
     324
     369
     315
     300
     350
     306
     345
     273
     344
     329
     299
     344
     278
     307
     335
     307
     285
     302
     300
     322
     326
     324
     343
     300
     290
     341
     306
     312
     307
     327
     305
     290
     313
     310
     325
     296
     296
     312
     314
     319
     344
     319
     311
     293
     318
     323
     343
     282
     275
     309
     328
     346
     323
     302
     304
     322
     320
     274
     314
     300
     312
     303
     325
     312
     281
     307
     286
     315
     341
     348
     305
     343
     307
     335
     305
     329
     293
     327
     286
     313
     319
     323
     309
     321
     325
     297
     320
     283
     333
     321
     328
     321
     333
     297
     371
     305
     327
     321
     342
     319
     321
     295
     282
     306
     338
     315
     316
     276
     313
     313
     331
     318
     325
     328
     301
     304
     294
     298
     297
     312
     298
     350
     298
     278
     329
     322
     324
     314
     283
     307
     342
     299
     326
     315
     298
     330
     337
     316
     294
     337
     296
     297
     332
     334
     301
     321
     278
     348
     283
     268
     322
     319
     298
     295
     295
     305
     321
     326
     317
     317
     315
     327
     300
     332
     305
     316
     281
     289
     281
     308
     313
     313
     302
     295
     307
     301
     282
     298
     298
     285
     276
     339
     296
     272
     312
     314
     277
     286
     300
     299
     298
     332
     300
     322
     300
     291
     328
     288
     294
     280
     349
     277
     276
     298
     329
     302
     308
     316
     303
     278
     318
     286
     325
     278
     286
     280
     301
     294
     302
     284
     286
     308
     295
     346
     307
     286
     322
     315
     289
     322
     331
     295
     273
     292
     282
     309
     300
     309
     311
     283
     275
     300
     342
     296
     291
     305
     295
     264
     282
     291
     322
     299
     305
     291
     274
     284
     290
     275
     314
     282
     272
     318
     312
     310
     309
     297
     282
     266
     288
     291
     326
     298
     313
     304
     276
     313
     301
     292
     294
     303
     314
     300
     302
     318
     307
     282
     272
     320
     293
     298
     281
     260
     277
     303
     286
     298
     283
     303
     260
     269
     317
     279
     326
     285
     293
     295
     311
     337
     302
     278
     312
     279
     278
     287
     302
     320
     290
     285
     307
     299
     295
     308
     317
     273
     271
     281
     298
     282
     314
     301
     319
     282
     286
     291
     308
     321
     281
     271
     299
     333
     286
     316
     307
     264
     282
     272
     306
     304
     319
     284
     292
     266
     281
     276
     281
     263
     266
     293
     280
     286
     265
     268
     272
     301
     285
     266
     278
     275
     286
     315
     288
     260
     306
     305
     282
     299
     305
     323
     277
     299
     292
     308
     280
     267
     301
     278
     316
     262
     333
     298
     273
     296
     284
     275
     292
     262
     303
     268
     271
     291
     287
     291
     264
     307
     281
     275
     284
     256
     296
     314
     291
     290
     291
     306
     274
     298
     267
     288
     277
     302
     318
     288
     282
     264
     287
     297
     307
     277
     283
     296
     294
     272
     296
     274
     272
     270
     285
     306
     281
     301
     268
     290
     304
     303
     298
     299
     285
     278
     281
     306
     272
     287
     303
     317
     267
     321
     269
     294
     271
     294
     274
     290
     274
     282
     254
     299
     311
     308
     305
     313
     305
     294
     325
     298
     312
     301
     318
     250
     268
     296
     274
     304
     305
     271
     286
     280
     294
     312
     284
     283
     254
     292
     285
     310
     278
     299
     289
     263
     320
     328
     277
     290
     297
     314
     305
     297
     274
     262
     303
     306
     297
     296
     287
     296
     299
     308
     314
     316
     275
     282
     284
     283
     296
     285
     298
     295
     268
     296
     257
     290
     301
     303
     304
     268
     273
     271
     293
     296
     281
     314
     298
     284
     329
     315
     297
     291
     269
     299
     290
     293
     287
     294
     274
     298
     275
     289
     314
     280
     282
     316
     272
     280
     275
     317
     312
     287
     263
     291
     275
     316
     288
     280
     281
     290
     317
     306
     303
     302
     266
     310
     276
     305
     295
     314
     288
     318
     286
     296
     280
     312
     297
     283
     313
     271
     308
     308
     281
     296
     298
     304
     272
     301
     301
     300
     263
     304
     304
     273
     289
     296
     277
     299
     328
     329
     289
     302
     302
     286
     312
     272
     293
     310
     296
     281
     301
     318
     286
     276
     283
     317
     324
     271
     315
     302
     270
     276
     296
     302
     299
     298
     281
     288
     293
     331
     293
     307
     295
     321
     289
     281
     293
     283
     285
     275
     274
     284
     310
     308
     313
     297
     288
     297
     304
     285
     293
     290
     297
     305
     318
     262
     290
     325
     305
     283
     308
     293
     307
     281
     315
     321
     307
     300
     303
     296
     305
     284
     323
     307
     274
     272
     328
     336
     312
     297
     289
     321
     284
     276
     287
     296
     293
     301
     308
     304
     308
     283
     318
     319
     304
     295
     295
     302
     283
     270
     268
     331
     304
     263
     298
     324
     293
     266
     300
     290
     297
     298
     259
     280
     317
     288
     295
     303
     293
     297
     319
     294
     287
     309
     283
     295
     319
     312
     307
     291
     281
     316
     320
     286
     298
     269
     294
     304
     301
     276
     300
     281
     318
     323
     282
     299
     272
     280
     303
     301
     283
     280
     303
     297
     308
     298
     247
     280
     301
     294
     269
     272
     288
     267
     298
     284
     288
     230
     284
     269
     293
     273
     296
     292
     284
     279
     264
     273
     258
     270
     258
     270
     251
     271
     274
     265
     279
     258
     278
     235
     272
     255
     278
     286
     273
     289
     281
     277
     250
     241
     265
     236
     266
     278
     249
     257
     301
     251
     254
     243
     273
     259
     286
     261
     268
     273
     239
     249
     241
     223
     232
     239
     261
     230
     261
     254
     236
     255
     257
     253
     238
     258
     246
     229
     233
     237
     251
     254
     219
     254
     246
     220
     237
     234
     275
     258
     238
     234
     241
     230
     222
     210
     234
     243
     206
     234
     234
     213
     225
     212
     225
     223
     225
     224
     235
     222
     224
     224
     231
     245
     202
     203
     220
     209
     208
     205
     213
     206
     204
     233
     224
     207
     220
     187
     212
     196
     169
     186
     186
     224
     168
     185
     176
     192
     195
     180
     205
     198
     184
     186
     182
     181
     206
     182
     186
     195
     173
     190
     201
     170
     195
     214
     191
     169
     144
     200
     166
     190
     176
     177
     199
     174
     172
     167
     179
     178
     171
     185
     177
     169
     168
     163
     145
     179
     160
     140
     182
     160
     150
     149
     170
     149
     172
     140
     152
     141
     153
     135
     157
     143
     142
     155
     147
     124
     157
     159
     144
     157
     125
     148
     130
     163
     163
     146
     128
     148
     134
     136
     135
     121
     157
     130
     121
     142
     144
     128
     154
     137
     132
     135
     153
     135
     134
     136
     136
     122
     147
     135
     128
     142
     141
     124
     115
     133
     126
     111
     117
     131
     143
     137
     114
     124
     144
     127
     140
     123
     132
     126
     124
     128
     132
     144
     129
     140
     139
     114
     118
     133
     151
     114
     139
     128
     109
     135
     111
     127
     114
     137
     133
     147
     124
     123
     111
     115
     126
     160
     121
     128
     128
     113
     144
     125
     115
     147
     132
     115
     117
     139
     117
     126
     131
     139
     137
     157
     131
     121
     113
     138
     130
     140
     135
     132
     135
     111
     133
     135
     108
     157
     146
     138
     122
     132
     132
     128
     166
     131
     143
     155
     133
     134
     151
     144
     143
     126
     115
     138
     146
     138
     141
     155
     137
     138
     139
     150
     144
     127
     141
     157
     141
     150
     140
     134
     135
     144
     151
     125
     159
     157
     134
     133
     140
     128
     156
     158
     164
     154
     136
     157
     160
     155
     180
     152
     159
     142
     149
     162
     172
     148
     148
     152
     160
     180
     156
     151
     142
     173
     166
     148
     170
     160
     184
     169
     153
     182
     182
     167
     181
     180
     180
     189
     200
     157
     198
     199
     186
     169
     161
     194
     186
     170
     159
     171
     183
     190
     179
     171
     167
     182
     168
     176
     222
     181
     175
     191
     174
     185
     199
     194
     178
     215
     211
     195
     181
     196
     183
     204
     205
     205
     193
     213
     227
     220
     199
     198
     226
     206
     183
     216
     187
     202
     217
     199
     212
     209
     199
     214
     207
     221
     201
     225
     236
     207
     196
     212
     216
     213
     197
     225
     214
     214
     224
     218
     224
     193
     213
     230
     212
     210
     196
     208
     243
     221
     223
     219
     230
     236
     224
     218
     205
     222
     217
     254
     234
     259
     198
     220
     231
     221
     236
     211
     223
     239
     221
     203
     249
     237
     245
     234
     236
     244
     233
     242
     244
     226
     207
     217
     198
     258
     218
     230
     248
     251
     238
     230
     231
     223
     244
     240
     203
     217
     221
     254
     221
     245
     223
     223
     199
     231
     229
     221
     227
     240
     227
     215
     224
     220
     211
     224
     235
     202
     213
     223
     220
     208
     217
     215
     205
     191
     222
     181
     206
     204
     205
     218
     212
     200
     201
     211
     206
     211
     183
     209
     211
     194
     187
     203
     168
     201
     179
     207
     194
     203
     180
     179
     221
     195
     189
     189
     184
     175
     170
     165
     195
     184
     186
     222
     181
     173
     177
     164
     186
     151
     178
     151
     158
     176
     158
     181
     184
     164
     160
     144
     151
     164
     165
     160
     157
     146
     139
     155
     136
     145
     161
     149
     141
     126
     132
     143
     146
     125
     163
     125
     135
     135
     147
     142
     137
     115
     141
     114
     122
     126
     138
     113
     145
     113
     110
     113
     106
     114
     134
     108
     106
     111
     104
     108
     109
      92
     137
      99
     132
     106
     114
     106
     104
      91
     116
     112
      93
      98
      90
      95
      83
      95
     124
     100
      74
      80
      86
      98
      99
      86
      91
     100
      75
      85
      85
      78
      80
      78
      84
      80
      70
      73
      69
      77
      82
      61
      86
      65
      76
      69
      64
      52
      68
      68
      85
      72
      70
      58
      76
      72
      65
      72
      63
      63
      57
      59
      58
      61
      63
      69
      52
      57
      60
      58
      62
      60
      52
      63
      42
      50
      59
      40
      54
      57
      45
      51
      47
      43
      46
      58
      40
      46
      51
      48
      42
      47
      62
      45
      40
      47
      37
      48
      28
      30
      39
      40
      39
      40
      38
      27
      41
      50
      37
      31
      37
      45
      35
      44
      33
      27
      41
      26
      37
      36
      54
      28
      31
      33
      38
      33
      37
      37
      37
      41
      29
      29
      36
      37
      32
      33
      31
      25
      29
      33
      29
      29
      36
      31
      31
      23
      27
      31
      41
      50
      36
      33
      37
      21
      19
      39
      36
      28
      39
      32
      31
      26
      27
      33
      32
      21
      17
      37
      28
      36
      24
      25
      34
      31
      24
      30
      22
      29
      30
      20
      33
      25
      13
      32
      23
      34
      21
      22
      32
      27
      27
      20
      33
      22
      22
      25
      23
      29
      25
      17
      29
      29
      30
      31
      31
      29
      22
      21
      24
      33
      20
      36
      29
      23
      28
      22
      17
      26
      21
      28
      27
      26
      27
      28
      24
      27
      27
      27
      29
      21
      22
      33
      20
      20
      38
      23
      32
      22
      36
      27
      30
      22
      27
      20
      17
      23
      16
      16
      26
      19
      21
      27
      20
      24
      27
      19
      23
      30
      27
      22
      26
      24
      25
      16
      26
      21
      25
      21
      21
      24
      21
      30
      31
      29
      24
      20
      21
      25
      18
      25
      21
      29
      22
      25
      22
      22
      19
      21
      28
      20
      20
      22
      25
      23
      19
      27
      22
      25
      29
      16
      21
      24
      18
      29
      29
      20
      23
      18
      25
      16
      26
      21
      20
      20
      22
      21
      20
      25
      21
      20
      23
      13
      19
      25
      13
      24
      24
      20
      28
      21
      21
      20
      14
      18
      14
      18
      26
      29
      26
      22
      21
      18
      25
      20
      24
      26
      17
      21
      27
      18
      20
      25
      22
      18
      22
      12
      14
      24
      20
      17
       9
      12
      20
      18
      20
      21
      17
      27
      24
      20
      20
      16
      24
      15
      26
      18
      19
      19
      14
      14
      26
      18
      18
      22
      19
      19
      14
      20
      18
      17
      17
      21
      12
      22
      23
      23
      27
      23
      21
      14
      12
      13
       9
      12
      17
      14
      15
      19
      20
      24
      18
      22
      17
      19
      12
      13
      15
      10
      15
      13
      10
      13
      13
      11
      22
       9
      19
      18
      22
      15
      24
      17
      12
       9
      14
      19
      14
      14
      15
      11
      14
      15
      10
      17
       9
      13
      16
      15
      12
      11
       9
      12
      15
      18
      12
      13
      11
      12
      14
      15
      15
      12
       7
       5
      19
      17
      16
      10
      16
      11
      16
      18
      13
      14
      14
       9
      14
      12
       7
      14
      13
      21
      11
       7
      18
      10
      13
      10
      18
      11
      15
       8
      16
      11
      13
       8
       4
       8
      11
      13
      11
      16
       6
       9
      18
      12
      16
      14
      14
       7
      16
      11
      14
       8
      10
      13
       7
      10
      16
      15
      12
      12
      16
       7
      16
       5
       5
      10
      12
      15
      14
      11
      12
       7
      12
       8
      11
       9
       7
      12
       9
      13
      16
      14
      11
      10
      12
      15
      10
      12
       9
      14
       9
      10
      13
       9
       5
      13
      10
       6
       9
      14
       8
      10
       9
       8
      11
       9
      10
      11
       9
      10
      15
       9
       9
       9
       8
       7
      11
       9
      12
       6
       9
       4
      11
       2
       9
       1
       8
      12
       5
       6
       7
       9
       6
       7
       9
      10
      10
      10
       9
      15
      11
       9
      11
       7
       5
       4
       4
       8
       6
       6
      10
       8
       9
       7
       6
       8
       8
       8
       7
       1
       8
       4
       7
      11
       8
       4
       9
       7
       8
      10
       8
       5
       2
       8
       7
       6
       3
       7
       5
      15
      10
      11
      10
       9
       8
       6
       9
       5
       7
       4
       5
       2
       3
       6
       5
       6
       2
       7
       6
       5
      10
       6
       9
       4
       4
       8
      14
       6
       9
       7
      12
       6
       7
      10
       6
      10
       8
       6
       5
       4
       6
       2
       4
      11
       5
       9
       8
      10
      10
       7
       7
       7
       8
       2
       7
       7
      12
      11
       2
       6
       4
       7
      10
       6
       8
       1
       9
       7
       8
      11
       9
       7
       6
      10
      15
       6
      11
       8
       3
       4
       9
       9
       7
       4
       4
       9
       8
       4
      13
      10
       6
       9
      10
       7
       6
       6
       7
       6
       6
       9
      13
       8
       5
       3
       7
       9
       7
       6
       4
       4
      14
      12
      12
       3
      13
      10
       9
       6
       5
       9
       9
      10
       4
       5
       8
       4
       5
       8
       5
      12
      11
      16
       8
       7
       6
       7
       6
       3
       7
      13
      12
       7
       8
      17
       5
       9
       7
       5
       7
       6
       7
       5
      11
       9
       9
       9
       7
      10
      11
       4
      11
      14
       7
       8
       8
       5
       8
       9
       9
       6
       6
       6
       8
       3
      12
       7
       9
       6
      11
       4
       5
       7
       9
       7
       9
       9
       5
      10
      10
       5
      10
       5
       9
       4
       7
       4
       8
       5
       6
       5
       6
      12
       2
      10
       7
      10
      10
       7
       7
       6
       7
       2
       6
       5
      10
       6
       8
       6
       8
       8
       5
      14
       6
       2
       9
      10
       9
      10
      11
       5
       5
       6
       8
       6
       8
       5
       9
       7
       9
       7
       5
       6
       8
       8
       7
       6
       5
      10
      11
       9
       2
       6
       2
       5
       7
       7
       3
       4
       9
       8
       3
      11
       5
       5
       7
       7
       4
       4
       6
       5
       7
       8
       7
       7
       4
       5
       6
      10
       7
       8
       7
       8
       4
       7
      11
       3
       9
       3
       1
       7
      10
       5
       3
       7
       7
       6
       5
       3
       8
       6
       2
      10
       6
       6
       9
      10
       7
       4
       2
       3
       4
       2
       2
       4
       7
       6
       7
       6
       4
       3
       7
       4
       2
       6
       3
       3
       3
       1
      11
       4
       5
       5
       5
       4
       7
       5
       2
       4
       4
       7
       6
       3
       4
       3
       3
       5
       6
       3
       5
       7
       6
       7
       3
       4
       4
       3
       2
       5
       6
       6
       5
       2
       4
       6
       1
       3
       2
       3
       6
       4
       1
       4
       2
       2
       5
       7
       3
       5
       6
       4
       2
       3
       3
       3
       4
       3
       3
       2
       3
       5
       5
       4
       5
       2
       5
       0
       4
       4
       1
       3
       2
       1
       1
       3
       1
       1
       2
       2
       2
       2
       2
       1
       2
       2
       0
       1
       2
       3
       2
       1
       1
       3
       3
       2
       2
       2
       1
       1
       3
       4
       3
       0
       4
       4
       3
       0
       0
       2
       0
       2
       2
       3
       0
       1
       2
       2
       2
       2
       2
       3
       3
       1
       3
       0
       2
       2
       1
       1
       4
       1
       0
       1
       0
       1
       2
       2
       0
       1
       1
       0
       0
       2
       1
       2
       3
       0
       2
       2
       1
       0
       0
       0
       1
       1
       1
       0
       1
       2
       0
       1
       2
       1
       1
       1
       1
       1
       0
       1
       2
       0
       0
       0
       1
       0
       1
       0
       2
       0
       0
       0
       1
       1
       1
       0
       1
       1
       2
       0
       1
       1
       0
       1
       1
       1
       3
       0
       0
       1
       1
       1
       0
       0
       0
       0
       1
       0
       0
       0
       1
       0
       3
       2
       2
       0
       0
       0
       2
       1
       0
       0
       0
       0
       0
       0
       0
       0
       1
       1
       1
       0
       2
       0
       1
       1
       1
       0
       0
       0
       1
       1
       0
       2
       0
       1
       0
       0
       1
       0
       0
       1
       1
       0
       0
       1
       0
       1
       0
       0
       0
       2
       1
       1
       0
       0
       0
       2
       0
       1
       0
       1
       0
       0
       1
       0
       0
       0
       0
       0
       1
       0
       0
       1
       0
       0
       0
       0
       1
       0
       0
       3
       1
       0
       1
       0
       0
       0
       1
       0
       0
       1
       0
       0
       1
       0
       0
       0
       0
       0
       1
       0
       2
       0
       1
       0
       2
       0
       0
       0
       0
       0
       0
       1
       0
       1
       0
       0
       0
       0
       1
       0
       0
       0
       0
       0
       1
       1
       0
       0
       0
       1
       0
       0
       1
       1
       1
       0
       0
       1
       0
       0
       0
       0
       1
       0
       1
       0
       1
       1
       0
       1
       0
       0
       0
       0
       1
       0
       2
       2
       0
       0
       0
       1
       1
       1
       0
       1
       1
       1
       1
       0
       0
       1
       0
       0
       0
       0
       1
       1
       0
       0
       0
       0
       1
       0
       0
       0
       0
       3
       1
       0
       2
       0
       0
       0
       0
       0
       0
       1
       1
       0
       0
       0
       0
       0
       0
       0
       0
       0
       0
       0
       0
       0
       0
       0
       0
       0
       0
       0
       0
       0
       0
       0
       0
       0
       0
       0
       0
       0
       0
       0
       0
       0
       0
       0
       0
       0
       0
       0
       0
       0
       0
       0
       0
       0
       0
       0
       0
       0
       0
       0
       0
       0
       0
       0
       0
       0
       0
       0
       0
       0
       0
       0
       0
       0
       0
       0