       0
       0
       0
       0
       0
       0
       0
       0
       0
       0
       0
       0
       0
       0
       0
       0
       0
       0
       0
       0
       0
       0
       0
       0
       0
       0
       0
       0
       0
       0
       0
       0
       0
       0
       0
       0
       0
       0
       0
       0
       0
       0
       0
       0
       0
       0
       0
       0
       0
       0
       0
       0
       0
       0
       0
       0
       0
       0
       0
       0
       0
       0
       0
       0
       0
       0
       0
       0
       0
       0
       0
       0
       0
       0
       0
       0
       0
       0
       0
       0
       0
       0
       0
       0
       0
       0
       0
       0
       0
       0
       0
       0
       0
       0
       0
       0
       0
       0
       0
       0
       0
       0
       0
       0
       0
       0
       0
       0
       0
       0
       0
       0
       0
       0
       0
       0
       0
       0
       0
       0
       0
       0
       0
       0
       0
       0
       0
       0
       0
       0
       0
       0
       0
       0
       0
       0
       0
       0
       0
       0
       0
       0
       0
       0
       0
       0
       0
       0
       0
       0
       0
       0
       0
       0
       0
       0
       0
       0
       0
       0
       0
       0
       0
       0
       0
       0
       0
       0
       0
       0
       0
       0
       0
       0
       0
       0
       0
       0
       0
       0
       0
       0
       0
       0
       0
       0
       0
       0
       0
       0
       0
       0
       0
       0
       0
       0
       0
       0
       0
       0
       0
       0
       0
       0
       0
       0
       0
       0
       0
       0
       0
       0
       0
       0
       0
       0
       0
       0
       0
       0
       0
       0
       0
       0
       0
       0
       0
       0
       0
       0
       0
       0
       0
       0
       0
       0
       0
       0
       0
       0
       0
       0
       0
       0
       0
       0
       0
       0
       0
       0
       0
       0
       0
       0
       0
       0
       0
       0
       0
       0
       0
       0
       0
       0
       0
       0
       0
       0
       0
       0
       0
       0
       0
       0
       0
       0
       0
       0
       0
       0
       0
       0
       0
       0
       0
       0
       0
       0
       0
       0
       0
       0
       0
       0
       0
       0
       0
       0
       0
       0
       0
       0
       0
       0
       0
       0
       0
       0
       0
       0
       0
       0
       0
       0
       0
       0
       0
       0
       0
       0
       0
       0
       0
       0
       0
       0
       0
       0
       0
       0
       0
       0
       0
       0
       0
       0
       0
       0
       0
       0
       0
       0
       0
       0
       0
       0
       0
       0
       0
       0
       0
       0
       0
       0
       0
       0
       0
       0
       0
       0
       0
       0
       0
       0
       0
       0
       0
       0
       0
       0
       0
       0
       0
       0
       0
       0
       0
       0
       0
       0
       0
       0
       0
       0
       0
       0
       0
       0
       0
       0
       0
       0
       0
       0
       0
       0
       0
       0
       0
       0
       0
       0
       0
       0
       0
       0
       0
       0
       0
       0
       0
       0
       0
       0
       0
       0
       0
       0
       0
       0
       0
       0
       0
       0
       0
       0
       0
       0
       0
       0
       0
       0
       0
       0
       0
       0
       0
       0
       0
       0
       0
       0
       0
       0
       0
       0
       0
       0
       0
       0
       0
       0
       0
       0
       0
       0
       0
       0
       0
       0
       0
       0
       0
       0
       0
       0
       0
       0
       0
       0
       0
       0
       0
       0
       0
       0
       0
       0
       0
       0
       0
       0
       0
       0
       0
       0
       0
       0
       0
       0
       0
       0
       0
       0
       0
       0
       0
       0
       0
       0
       0
       0
       0
       0
       0
       0
       0
       0
       0
       0
       0
       0
       0
       0
       0
       0
       0
       0
       0
       0
       0
       0
       0
       0
       0
       0
       0
       0
       0
       0
       0
       0
       0
       0
       0
       0
       0
       0
       0
       0
       0
       0
       0
       0
       0
       0
       0
       0
       0
       0
       0
       0
       0
       0
       0
       0
       0
       0
       0
       0
       0
       0
       1
       9
      41
      50
      52
      36
      30
      29
      30
      29
      27
      24
      32
      28
      23
      39
      40
      43
      53
      75
     163
     205
     219
     152
     126
      94
      88
      55
      44
      59
      59
     123
     689
    1376
    2958
    4666
    4134
    2245
     759
     226
      99
      68
      51
      68
      51
      46
      39
      36
      43
      30
      32
      44
      28
      32
      30
      26
      21
      26
      25
      23
      13
      13
      10
      11
      18
      15
      13
      15
      12
      16
      18
      18
      11
       6
      13
      12
       7
       4
      10
       5
       7
       9
       9
      12
       9
       5
       6
       6
       8
       1
       5
       7
       6
       6
       2
       5
       6
       6
       4
       1
       1
       8
       5
       5
       4
       4
       6
       6
       4
       6
       6
       6
       6
       6
       5
       8
       7
       6
       4
       6
       3
       5
       5
       4
       6
       3
       6
       4
       4
       6
       8
       6
      10
       4
       7
       7
       3
       4
       7
       6
       5
       7
       7
       7
       8
       6
       1
       4
       5
       2
       4
       6
       2
       6
       5
       7
       6
      10
      10
       7
       3
       7
       7
      11
       7
       3
       2
       5
       8
       8
       6
       3
       4
       6
       6
       6
       7
      12
       6
       6
       7
       4
       4
       1
       5
       4
       6
       6
       8
       5
       8
      10
       7
       8
       4
       5
       9
       9
      12
      12
      10
       6
       5
       5
       4
       6
       9
       8
       2
      11
       4
       6
      11
       6
       6
       4
       8
       3
       9
       3
       6
       7
       6
       6
       2
       7
       2
       7
      10
       8
       5
       9
       6
       0
       8
       9
      12
       9
       4
       8
       3
       5
       6
      12
       7
       5
       9
       3
       9
       6
      10
      10
      10
      10
       5
       5
      10
       6
       6
       3
       6
       8
       4
       5
       3
       9
       3
       7
       6
       6
      10
       8
       7
       6
      10
       2
      10
      10
       4
       5
       5
       5
       8
       9
      10
       7
       7
       5
      10
       1
       4
       6
       6
       6
       6
       6
       4
       5
       3
       9
       5
       7
       7
       9
       9
       3
       4
       4
       9
      11
       7
       5
       5
       5
       5
       3
       4
       3
       7
       4
       3
       6
       3
       6
       6
       4
       7
       9
       8
       6
       5
       9
       7
       6
       3
       5
       7
       3
       7
       3
      11
       1
       4
       9
       6
       9
      13
       4
       2
       5
       5
       7
       8
       4
       2
       7
       6
       6
       3
       4
       4
       8
       6
       7
       8
       3
       8
       6
       9
       6
       8
      10
      11
       6
      10
       4
      11
      10
       5
       3
       5
       6
       6
       4
       4
      11
      10
      11
       3
       5
       7
       5
      11
       3
       7
       5
       5
       8
       5
       7
       9
       3
       2
       4
       3
       8
       6
       6
       7
       9
       5
       6
       5
       8
       8
       8
       7
       4
       4
       8
       7
       7
       8
       5
       7
       7
       9
      13
       5
       7
       5
       5
       8
       5
       7
       7
       5
       2
      10
       5
      10
      11
       6
       7
       6
       5
       5
       3
       4
      10
       3
       6
       3
       4
      14
       8
       7
       7
       8
       9
       4
       7
       9
       7
       7
       2
      10
       7
       7
       6
      11
      12
       4
       6
       3
      11
       4
      10
       1
       7
      13
       6
       3
       5
       6
       7
       1
       9
       6
       5
       4
      10
       2
       8
       9
       3
       4
       3
       9
       3
       3
       7
       2
       2
       7
       5
       8
       6
       3
      10
       7
       4
       4
       7
       5
       7
      10
       7
       9
       2
       6
       1
       4
       6
       5
       5
       6
       9
       2
       6
       6
       2
       5
       8
       5
       8
      12
       4
       7
       9
       7
       5
       6
       8
       3
       4
       4
       6
       7
       5
       4
       8
      11
       8
       7
       5
      12
       9
      12
       5
       1
       3
       7
       1
      10
       7
       7
       4
       2
       6
       4
      14
       7
       6
       3
       5
       9
       5
       8
       8
       8
       7
       3
       5
      10
       9
       3
       7
       4
       7
       4
       5
       0
       7
       8
       5
       8
       8
       3
       7
       5
       6
       5
       4
       3
       5
       7
       7
       6
       4
       4
       7
       9
       7
       3
       7
       7
       4
       4
       9
       9
       4
       9
       3
       3
      10
       8
       4
       7
       5
       7
       4
       5
       2
       7
       9
       3
       2
       7
       6
       2
       9
      11
       3
       4
       7
       7
       5
       8
       9
       7
       5
       4
       4
       4
       7
       4
      10
       6
       7
       2
       9
       5
       7
       6
       7
       6
      10
       3
      12
       4
       7
      15
       2
       3
       6
      10
      10
       7
       8
       4
       8
       9
       2
       5
       6
       5
       9
       8
       3
       8
       7
       1
       7
       7
       7
       4
       7
       7
       9
       5
       8
       7
       3
       6
       7
       4
       7
      11
       7
       3
       6
       3
       5
       3
       6
       9
       7
       3
       3
       8
       5
       3
       6
       8
       5
       9
      10
       3
       4
       7
       9
       2
       1
       5
       8
       9
       2
       9
       9
       8
       6
       6
       5
      12
       7
       3
       6
      10
       4
       6
       4
       5
       6
       4
       7
      10
       3
       4
       8
       7
       3
       6
       6
       1
       4
       8
       8
       7
       4
       5
       6
      11
       5
      12
       1
       4
       3
       7
       7
       8
       9
       6
       2
       2
       6
      11
       8
       3
      10
      10
       9
       2
       6
       4
       8
      12
       5
       9
       2
       6
       3
       8
       7
       4
       8
       3
      10
       5
      11
       4
       5
      10
       3
       9
       6
       5
       9
       2
       7
      10
       5
       5
       6
       8
      10
       8
       7
       7
       6
       8
       5
      10
       9
       6
       5
       6
       4
      11
       6
       7
      10
       7
       6
       8
       6
       6
       5
       4
       7
       7
      10
       1
      10
       8
       5
       5
       6
       4
       6
       7
      10
       7
      11
       9
       5
       6
       5
       6
       5
       3
       7
       7
      12
       6
       7
      11
       5
       3
      10
       7
       5
       6
       8
       8
       8
       6
       6
       7
       6
      10
       9
       6
       5
      10
       3
      12
       8
       5
       7
       9
       4
       7
       6
       5
       6
       6
      10
       5
      12
       5
       5
       3
       7
      12
      10
       4
      13
       4
      11
      11
       5
      12
       8
       4
       7
       8
      11
      10
       6
      11
       8
       3
      10
       6
       6
       8
       6
      13
       7
       6
       6
       4
       6
       6
       8
       8
      11
       8
       8
       8
      10
      12
      14
       7
       4
       9
      10
      11
       8
      12
      15
      10
      11
      14
      12
      10
      14
       6
       5
      13
      10
      11
       9
      12
       7
       8
      13
       9
       7
      12
       8
      11
       8
      10
      11
       9
      14
       5
       5
      12
       6
      12
      15
      10
      11
      10
       7
       8
       9
       9
      12
       7
      14
      17
       9
      11
      10
      13
      19
      15
      14
       9
      19
      18
      25
      24
      14
      18
      26
      28
      32
      25
      22
      25
      27
      33
      38
      31
      39
      55
      41
      34
      37
      38
      60
      60
      58
      55
      55
      49
      53
      60
      68
      51
      67
      83
      72
      86
      62
      77
      79
      93
      81
      83
      95
     108
      92
     104
      94
      86
     107
      92
      89
      91
     118
     110
      80
     121
      85
     103
     122
      92
     100
      99
     100
     102
     103
     129
      99
     104
     103
      83
      97
     102
      94
     130
     114
     107
     116
     111
     104
     109
     109
     118
     130
     121
     103
     103
     109
     127
     140
     139
     158
     153
     142
     157
     166
     176
     171
     198
     186
     183
     216
     235
     284
     257
     314
     314
     389
     432
     551
     573
     715
     837
     962
    1167
    1405
    1669
    1929
    2380
    2760
    3271
    3827
    4537
    5268
    6082
    7253
    8416
    9737
   11216
   12701
   14524
   16214
   18159
   20091
   22353
   24507
   26107
   28280
   30130
   31543
   32925
   33870
   35244
   35502
   35711
   35209
   34771
   33901
   33059
   31644
   30382
   29063
   27548
   25837
   24829
   22861
   21612
   20044
   19147
   18028
   16826
   15746
   14631
   13786
   13286
   12403
   11661
   10910
   10188
    9800
    9259
    8820
    8243
    7812
    7538
    7077
    6989
    6404
    6227
    6044
    5761
    5503
    5190
    5193
    5005
    4785
    4622
    4476
    4397
    4238
    4190
    3926
    3840
    3797
    3671
    3682
    3543
    3449
    3292
    3347
    3185
    3141
    2986
    2830
    2836
    2841
    2649
    2664
    2633
    2537
    2539
    2439
    2376
    2328
    2227
    2270
    2195
    2170
    2117
    2125
    2090
    2067
    2021
    1930
    1874
    1948
    1899
    1783
    1648
    1706
    1770
    1678
    1706
    1689
    1663
    1715
    1608
    1608
    1612
    1657
    1624
    1525
    1566
    1463
    1544
    1440
    1425
    1465
    1408
    1418
    1309
    1350
    1338
    1275
    1254
    1274
    1229
    1200
    1155
    1168
    1132
    1000
    1065
    1051
    1049
    1050
     998
     972
     924
     926
     889
     886
     925
     915
     912
     876
     842
     869
     833
     877
     732
     807
     812
     790
     804
     782
     772
     730
     755
     728
     731
     715
     706
     690
     703
     707
     676
     695
     677
     654
     659
     654
     683
     648
     626
     609
     601
     608
     575
     578
     624
     571
     543
     615
     525
     530
     568
     479
     543
     554
     504
     507
     512
     520
     522
     481
     504
     451
     492
     512
     476
     451
     456
     440
     439
     442
     451
     457
     470
     413
     396
     401
     396
     406
     376
     379
     426
     355
     371
     361
     366
     364
     392
     359
     360
     332
     355
     337
     332
     347
     319
     306
     311
     324
     298
     326
     310
     312
     300
     315
     255
     304
     268
     282
     277
     265
     306
     253
     277
     261
     228
     262
     257
     238
     250
     254
     258
     232
     225
     236
     222
     213
     217
     208
     238
     222
     240
     174
     200
     191
     190
     179
     206
     202
     187
     202
     191
     197
     183
     184
     170
     203
     190
     178
     169
     186
     156
     163
     166
     179
     196
     190
     170
     179
     140
     154
     142
     152
     148
     166
     166
     152
     157
     121
     136
     150
     130
     134
     159
     134
     126
     126
     116
     121
     142
     113
     126
     126
     155
     134
     139
     120
     121
     131
     143
     103
     111
     121
     111
     105
     105
     120
     109
     100
     116
     106
      99
     100
      89
     106
      90
     108
      88
     108
     101
      96
     101
      84
      91
      86
      91
      89
      96
      82
      96
      77
      69
      62
      96
      94
      80
      83
      66
      70
      83
      45
      81
      83
      62
      65
      76
      53
      73
      56
      61
      69
      75
      60
      64
      53
      67
      81
      52
      76
      64
      77
      71
      65
      56
      56
      73
      63
      58
      64
      55
      43
      62
      56
      47
      58
      50
      37
      56
      49
      60
      59
      71
      60
      56
      47
      54
      49
      45
      44
      59
      52
      51
      51
      54
      66
      38
      44
      46
      48
      50
      46
      54
      45
      47
      41
      41
      47
      49
      39
      51
      37
      39
      36
      36
      39
      42
      32
      29
      31
      49
      33
      34
      38
      23
      37
      30
      26
      33
      38
      32
      42
      41
      35
      31
      33
      37
      29
      38
      31
      47
      32
      23
      37
      23
      36
      39
      32
      36
      29
      27
      21
      30
      27
      37
      37
      24
      21
      28
      33
      24
      22
      33
      34
      23
      31
      33
      31
      25
      32
      26
      31
      25
      28
      18
      27
      27
      17
      14
      26
      23
      22
      21
      18
      30
      23
      24
      23
      14
      25
      27
      20
      15
      16
      12
      17
      17
      25
      27
      27
      15
      19
      17
      21
      21
      31
      12
      24
      33
      18
      15
      18
      22
      15
      24
      18
      11
      24
      18
      16
      19
      14
      16
      20
      17
      16
      16
      18
      21
      18
      23
      15
      11
      21
      21
      19
      16
      15
      13
      10
      10
      13
      18
      22
      17
      15
       8
      16
       9
      13
      12
      14
      14
      19
      24
      11
      11
      13
      12
      12
      16
      10
       9
      16
      13
       9
      16
      11
      20
      12
      12
       8
      16
      20
      12
      17
      17
      10
      19
      11
      10
      17
      15
      10
      13
       8
      10
       7
      12
      12
      11
      18
      13
      13
      10
       6
       9
      13
      14
      13
      12
       8
       8
      11
      17
      11
      10
      12
      10
      15
      13
      13
      12
      10
      14
      15
      13
      12
      10
      12
       4
      15
      11
       8
      14
      10
      14
      11
      15
       8
      14
       7
       5
      13
       6
      13
      12
      11
      11
       6
      11
      11
      14
       5
      10
       9
       8
      10
      13
      12
      13
       8
       5
      16
      16
       7
       3
       8
      15
      12
       7
       7
       6
      11
      14
      13
      18
      10
       8
      14
      12
      17
       9
       9
      17
       7
      10
      10
      11
      14
      14
       7
      10
       4
      10
       7
      10
       6
       9
       8
       6
      15
      13
       7
      16
       6
       6
      11
      10
      10
      16
      10
      12
      12
      14
      10
       7
      11
      12
      13
      11
       6
       4
       7
       7
       5
       5
       8
      10
      10
      11
       6
      15
       8
      12
      10
       8
       6
       9
       6
       7
       8
       9
      12
       8
      12
       9
      11
       3
       7
       8
      11
      12
       6
       7
       1
      11
       5
       9
       6
       9
      10
      10
       8
       6
      10
       4
      12
       9
      15
       8
       4
       6
      10
       6
       5
       3
       7
       3
       9
       3
       9
      10
       6
       9
       7
       5
      13
       5
       7
      12
       9
       6
       7
       8
      12
       7
      16
      13
       9
       5
       8
      13
       7
       6
       7
       4
       9
       8
       7
       6
       6
       9
       2
      10
      10
       9
       8
      12
       5
      10
       4
       8
       7
       8
       7
       5
       5
      16
       9
       5
       7
       6
       4
       6
      11
       9
      11
       9
       8
      12
       8
       3
       9
      10
       8
       3
       8
       8
       9
       4
       9
       5
       8
       3
       6
      11
       3
       5
       5
       9
       9
       9
       9
       8
      10
      12
       2
       9
       9
      11
      11
       7
       7
       3
      10
      12
       9
       9
      11
       6
       5
       4
      12
      10
       4
       7
       6
       6
       6
      12
       5
       8
       9
       4
      12
      12
       6
       6
       6
       3
      14
       4
       7
       6
       6
      12
       8
       7
       4
      10
       7
       9
       8
      10
       5
      11
      10
      10
       5
       5
      11
       8
       6
       6
       6
      10
       7
       8
       8
       6
       7
       5
       3
      12
       4
       9
       7
       6
       4
       6
       9
       9
      11
      10
       4
      12
       2
       8
      12
       6
       9
       5
      15
      10
      12
       2
       7
       9
       3
       5
       6
       9
       4
       6
       6
       3
       6
      12
       5
       9
       9
       5
       8
      11
       9
       5
       7
      14
      10
       6
       7
       6
       7
       8
       7
       7
       5
       8
       6
       8
       6
      11
       7
      10
       9
       7
       5
       4
       4
       6
       6
       6
      13
       6
       7
      13
      12
       5
       2
       6
       8
       7
       8
       5
       4
       9
      10
       9
       8
       8
       3
       4
      12
      12
       6
       6
      10
       4
       5
       7
       9
       8
       8
      12
      11
       7
       6
       8
       2
       7
       9
      12
       3
       4
       7
      13
       5
      10
       9
       7
      10
      10
      10
       7
       7
       9
      12
       9
       7
       4
       9
       7
       5
       9
       7
       8
       5
       8
       5
       7
       8
       6
       5
      13
       5
       9
       5
      12
       7
       8
      12
      11
      14
       4
       7
       6
      12
       6
       6
       5
       7
       5
       7
       8
       6
      13
      10
       8
       2
      10
       6
       7
       6
       9
       6
       9
       9
       7
       4
       4
      10
       7
      11
       7
      13
       7
      10
      12
      10
       4
       8
       2
       7
       9
       6
       5
       5
       6
      11
       7
       8
       7
       8
       5
      11
      15
       8
       4
       7
       6
       6
       7
      11
      10
      12
       8
       7
      12
       7
       8
       5
      13
      10
      10
       6
       7
       8
      11
       4
      11
       5
       7
       6
       4
       6
      12
      10
      11
       7
       8
       7
       4
       7
       8
       3
       5
       9
       9
       5
       9
       4
       4
      10
       9
      13
       8
       8
       3
       6
      11
       9
      11
       9
       8
      12
       3
       6
      10
      12
       9
       5
      10
      12
      12
       4
       8
       5
       6
      11
       5
       8
       8
       6
       6
       5
       9
       2
       6
      13
       6
       7
       2
      12
       8
       5
      11
       4
       9
       9
       6
       5
      12
       7
       8
       5
      13
      11
       8
      10
       7
      10
      17
       5
       6
      10
      11
       2
       8
       2
      14
       7
       4
       9
       7
      13
       6
       9
      12
       9
      11
       5
      17
      10
      16
       7
       6
      10
      10
       4
       6
       4
       2
       6
       8
       6
       8
       8
       8
       4
       2
      12
       9
       6
       5
       7
       6
      10
       8
       8
       8
      10
      10
       6
       9
       9
       5
       9
       8
       8
       6
       9
       7
       7
       3
       5
       8
       8
       4
       7
      11
       7
       7
       6
       5
       7
       2
       8
       5
       9
       5
       5
       7
       8
      12
       4
       5
       9
       6
       8
       5
       3
       4
       6
       9
      10
       7
       2
       8
      12
       6
      10
       8
       7
       6
       6
       2
       9
       9
      12
       6
       8
       6
       8
       4
       6
       5
       4
       8
      10
       2
       7
       4
       6
       8
       7
       6
       8
       3
      11
       8
       8
       7
      11
       6
      12
       6
       5
       6
      12
       6
       6
      10
      11
       6
       5
       7
       1
       4
      10
       2
      11
      11
       3
       8
      11
       4
       9
       9
       6
       7
       4
       9
      14
       6
       9
       2
       6
       9
      11
       6
       5
      10
       5
      10
       2
      13
       6
       6
       9
      12
       9
      10
       2
       7
       8
       6
       5
       4
       8
       8
       6
      10
       3
      15
       6
       5
       4
       6
       7
      12
      10
       8
       5
      10
       4
       8
       4
       9
       6
      10
       8
      11
       7
       2
      13
       9
      16
       6
      11
      10
       8
       8
       6
       9
       6
       7
       4
       7
       9
       6
       7
       3
       6
       7
       9
       8
       9
       5
       4
      13
       7
      15
      11
       8
       5
      12
       5
       8
       9
       3
       6
       5
       6
      10
      17
       1
       5
       6
      15
       9
       6
       9
       7
       7
       3
       9
       8
      10
      16
       6
       2
       5
       6
       8
      10
       7
       8
       6
       9
      10
       9
       3
       6
       6
       4
       8
       5
       7
      15
       5
       8
      11
       5
       4
       7
       4
       5
      12
       3
       6
       4
       3
       3
       5
       2
      11
       8
       9
       8
       2
       8
       8
       8
       7
      10
      10
      13
       4
       9
       5
       5
       5
       5
       7
      10
       5
       8
       4
       5
       4
       7
       8
       6
       6
       5
       7
      10
      11
       6
       5
      11
       3
       3
       7
      15
       3
       6
      10
       8
       7
       9
       9
       5
      11
       7
      11
       5
       8
       7
      13
       7
      10
       9
       6
      14
       9
       8
       3
       4
       5
       4
       9
      12
       4
      14
       4
       4
       7
      14
       6
      10
       3
       8
       6
       3
       8
       6
       9
       9
       8
       6
       8
      11
      10
       7
       8
       6
       5
       6
       3
      10
      12
      11
      12
       9
       7
       6
       9
      10
       6
       6
       7
       6
       9
       4
       9
       6
      11
       7
       7
       7
       6
       8
       2
      11
      13
       5
       9
      12
      10
      11
       8
       3
       5
       9
       4
       3
       5
       8
       7
       7
       7
       2
       7
       3
      10
       7
      11
       6
       7
       6
       6
       3
       9
       6
       5
       4
       3
      14
       6
      11
       4
       5
       6
       3
       7
      12
       9
      10
       3
       4
       5
       8
       8
       5
       8
      14
       7
       8
       7
       5
      12
      10
       9
       7
      13
      11
       7
       8
       5
      13
       6
       5
       3
       6
       7
       2
       7
       8
       9
      10
       3
      10
       4
       4
       7
       6
       5
       9
       5
       6
       6
       4
       5
       7
      10
       7
       5
       4
       5
       8
       9
       3
       8
      16
       8
       6
       4
       7
       7
      13
       8
      13
       9
       4
       8
       6
       7
       6
      10
      12
      10
       6
       4
       6
       8
       7
       9
      10
       6
       8
       6
       4
       6
       8
       5
       7
       4
       9
      11
       6
       8
       4
       9
       9
      12
       9
      12
       7
       7
       8
       4
       8
       2
       6
       6
       5
       9
       3
      10
       8
       5
       6
       7
      10
      12
      11
       4
      10
      11
       3
       9
       5
       4
       8
       7
       3
      11
       4
       7
       9
       9
       7
       6
       5
       8
       8
       5
       6
       7
       2
      12
       7
       9
       7
       3
       3
       7
       5
       3
       6
       4
      11
      10
       5
      10
       8
      10
       3
       6
       5
       7
       6
       5
       4
      11
       8
       4
      10
       5
       3
       7
       3
       5
      10
       4
       4
       4
       5
       8
       6
      10
      11
       9
       3
       8
       8
      11
       8
      10
       9
       7
       6
       4
       6
       5
       6
       9
       7
      11
       7
       5
       4
       8
       8
       4
       7
      11
      14
       8
       9
       9
       5
       5
       8
       8
       9
      10
       4
       5
       5
      10
       9
       8
       6
       7
       8
       4
       4
       7
       7
       6
       6
       6
       7
       3
       8
       9
       6
       9
       9
       8
      10
       5
       8
       4
       9
       8
      11
      10
       7
      15
       5
       7
       6
       9
       8
       9
       7
       7
       6
       9
       8
       5
       8
       5
      13
       6
      11
       6
       7
      11
       9
       4
       9
       7
       2
       9
      10
       4
       2
      12
       5
       3
       8
       6
      11
       9
       5
      10
       1
       8
       7
       4
       5
       4
      13
       6
       8
       6
       7
      13
       5
       9
       8
      14
       6
      13
       7
       6
       6
       8
      11
       6
       6
       7
       8
      10
      11
      12
       5
       4
       9
       9
       6
       7
       5
      11
       8
       7
       9
       5
       6
      11
       5
      10
       8
      15
       6
       3
       6
       7
       3
       4
      11
       6
       6
       6
       8
       7
       8
       9
       8
       9
       6
       8
       8
       9
      10
       6
       4
       5
       5
       5
       7
       3
      11
      10
       8
       8
       7
       5
       5
       8
       9
       9
      11
       6
       2
      11
       8
       8
      11
       4
       5
       8
      12
       7
       5
       4
       5
       8
       5
      11
       9
       9
      11
       9
       5
       8
       9
       6
       8
      12
       4
       5
       7
       6
       7
       3
       8
      10
      10
      10
       6
       5
       6
       5
       7
      14
       9
       4
       6
       5
       5
       6
       9
       9
       3
      10
      12
       9
       4
       5
      14
       5
       7
       7
       4
       8
       6
       6
       9
       4
       8
       4
       9
      11
      10
       8
       7
       7
       6
      12
       9
      10
      10
       4
       7
       6
      12
       6
       3
       6
      10
       5
       9
       5
       5
       9
       3
       5
       9
       4
       9
       9
       4
       8
       8
      11
      11
       5
       9
      12
       6
      11
       5
       8
       7
       4
       6
       6
       8
      12
       5
       6
       6
       4
      12
       6
       6
       5
      12
       7
       5
       9
       7
       5
      10
      11
       8
       7
       8
       4
      12
      12
       9
      10
       5
      11
       5
       5
      14
       9
       4
       3
      10
      13
      11
       8
       2
       3
       9
       7
       8
       7
       7
       5
       6
       6
       6
      12
       2
       4
      13
       8
       2
      13
      10
       7
      10
       9
      10
      10
       6
       5
       6
       4
       7
      13
      10
       7
       2
       7
       6
       7
       7
       7
       9
       8
       5
       6
       5
       5
       9
       6
       4
       8
       9
       4
       8
       9
       7
      11
       6
       9
       8
       7
       3
       5
       9
       4
       6
       7
      11
       7
       7
      10
       3
       4
       9
       8
       5
       0
       0
       0
       0
       0
       0
       0
       0
       0
       0
       0
       0
       0
       0
       0
       0
       0
       0
       0
       0
       0
       0
       0
       0
       0
       0
       0
       0
       0
       0
       0
       0
       0
       0
       0
       0
       0
       0
       0
       0
       0
       0
       0
       0
       0
       0
       0
       0
       0
       0
       0
       0
       0
       0
       0
       0
       0
       0
       0
       0
       0
       0
       0
       0